34595234
35243878
28395765
29284222
24283956
28298516
15894099
30005774
24716497
36140761
32361569
35115765
28862198
30005776
27533387
29952495
28260181
26580154
26059925
21116236
22071145
27888421
36077013
34600726
34973083
20521754
24171821
24029122
34152118
25002350
7779601
9571316
35195972
23906758
26791754
33592583
26264311
1775816
26759458
33541565
21908782
1775819
2031514
24382432
2645649
22236240
22236239
22236238
24890450
23412797
11928444
23244071
6393393
31157481
19107433
10950215
23217067
28498324
32378709
1933534
10645500
8610264
21680175
16555440
8976406
22900724
20414016
25355019
17303514
8971475
918062
36300436
20358516
19186363
8827331
10363140
27542172
27384952
19726557
32645194
27271417
20701440
19942925
7772978
2650720
15019686
24131971
8639734
28961570
8965373
17920892
21764517
23618694
8629545
5144518
24735750
2863591
17081753
1843101
21278434
23915745
19299232
10968004
22082762
8547394
17678765
248897
5712064
15743511
23879588
23075236
8547395
32239991
12861804
18074245
2133701
3042054
26125310
32535765
24382437
23402485
8614852
34761640
23823834
26122360
31538973
23316676
10550006
16211226
23703974
24699824
9870032
5389668
12051098
22864058
29231918
17330691
16454952
11085449
18543069
12591983
24012401
18171418
7656130
20206723
1457516
9782995
20503400
15542002
9370070
9057173
7546829
15610683
19957148
7013676
7761493
16630739
4886903
30019303
28572255
26004843
1467656
3046282
30704209
19732682
4551656
14718784
2730037
4947027
3719479
501120
2194541
7731634
16433121
12182684
7022627
16831851
4052640
33739717
15152445
24313194
18278992
1457517
762456
19592047
8513260
18308139
4691056
27012127
9377601
32051175
1878516
9846089
8985072
17184556
23123699
36435617
7737545
20503402
28133210
12948756
3120228
2403456
21853882
23902243
19204193
18074936
36229340
5696065
5523881
5523882
1805917
10363136
26880386
10703310
363214
3913796
18721655
3076952
4584463
4581720
4194703
19795579
7826883
6515529
25902604
1569440
9073042
11488190
6116908
5458694
8954484
9690522
22473166
22781491
26370342
28572259
23878890
6623354
22460616
979757
12525755
2675766
7934571
25660950
9820348
7915782
3319359
11250678
3314673
20843158
4557933
30168014
4559623
22432152
23230207
3222641
26879059
27760931
18989189
16835812
9124623
7909105
3791223
19732683
18677127
25203855
4943962
30358238
759664
21299088
24754581
34761645
8628117
21180211
3394604
88633
16869244
17343519
17523238
25783256
2818335
5127818
5788037
4423143
2655646
7926071
25408768
19128447
21172072
18652228
858579
2813834
6590013
5347584
5107709
24334476
8107885
7779723
5331643
33721470
21823891
33721468
11727961
5028480
33721466
19184228
12502134
17953874
19967287
24965368
5353952
18219372
1859544
4125704
6362826
12955035
26642514
22124993
18611868
4764931
16026807
21800767
3689248
24882342
6504787
11932916
10783479
19093262
27281312
18401662
10512472
7973391
3462528
210339
23411379
4079432
852934
6054925
4920505
17728217
4134716
8760753
6331725
7466429
6958532
5165218
23715711
2250301
10458693
21830994
7800349
5347586
3205120
2758112
17476177
8801485
23587
3550554
3082483
20503399
4685421
11114848
6836100
16619958
1462087
672293
752884
19058480
438523
1360922
723841
25322325
20520798
11446485
18224386
8346321
18183808
4052637
6708122
6585560
19623892
6831852
19593528
1792308
2769466
852931
3844967
286617
5041120
5069623
9166520
1174184
16410755
6882632
1109842
710114
5471114
8481457
4019086
11180759
5540919
19624412
4406049
11949178
18058897
12755150
8787053
33573
3415583
7800757
18852929
71475
6815229
16817248
16180516
12731152
2328475
3509526
15535859
10598154
8278425
18051026
25897446
456695
9369548
3338489
5727936
9116367
9528239
16414302
6739424
933185
7476618
6768434
4517455
4846811
3201411
9608627
5458091
59088
8460439
79238
627193
4646357
5754910
520196
20811040
5175954
4409180
248899
4714535
1197675
5540917
5124873
4450010
7819577
22519245
4390461
19757764
7392189
5127789
4690095
2015917
423879
4791892
2053030
5387194
7088998
15915224
595637
645279
4811012
15569471
6166969
6408443
979411
3389033
5161043
4410510
5104689
1956230
5770711
4769975
6663772
4665024
6503332
4647937
3419261
1232364
5592007
16502973
7481225
5042970
749019
4302979
2606558
5551070
5377261
5397535
11892861
5517450
4812775
9765725
12043500
8316529
6667412
11965805
6569604
799546
29776840
18354837
1199143
5612684
32241595
5353978
20127981
883321
20887159
10510844
1925141
33983596
20595598
23986342
6921454
34924253
16529036
16254457
4641968
11467000
20437623
32043519
26319607
2729032
17998621
18375360
28778877
1236329
883339
7359227
16925487
12677919
25085806
36167726
6118785
5042710
5703836
883335
30444329
10967790
12491496
4024560
342166
22040201
20527363
8801505
34534657
362055
28616687
6701367
28712528
35703213
8508964
5508305
472578
871858
4279243
8216816
31491663
14657530
23878881
17631593
30005779
7922971
2819688
5722938
23607174
7268585
36410352
2746940
1290539
5083981
25804121
11127960
5802826
5437761
18176840
8305544
24935277
8487430
27067682
23350382
10532196
31864206
26914064
3662373
19051528
1753052
23350366
7249209
846139
21654611
7784561
31456179
10614359
10774471
3978244
10633793
2211250
26989051
4102672
10601370
4707830
20496259
28177437
10790792
19735584
21177203
33880708
15632248
16753495
326382
7669241
1470146
15634327
18281218
7710198
27164853
6765408
8012033
3953069
3703767
8954480
30320989
3052254
16513399
9854486
22238923
5477521
18301964
8460440
2270478
3852957
6888057
5619221
9417676
2746945
22315132
21671410
17972540
28437752
29531202
24463442
4424990
29435852
31839600
2973178
17973194
10275383
918113
26055192
14976921
28981331
19930741
10865966
12199766
15721457
19933075
2186386
17510582
21546754
10515761
25056934
21403616
4164377
17352863
22310975
10146230
16516521
2250302
30924355
6910916
21969133
19748145
24649498
11126081
17496438
10520318
5078170
5515123
31209841
9824359
30218194
32018127
10921313
11068996
15140280
324956
5510959
28292037
7788028
25993142
3524501
8686066
21097151
2081081
1885107
7913663
29560539
14746312
2051861
2312367
8316467
6511533
31309884
797039
19732684
7667030
4016598
979410
5148642
22812573
27986267
3823918
1012546
20955531
28231725
6876433
3293971
5591678
7182556
6748235
21954638
27605223
20225556
750525
10095683
11329054
33655849
4060745
9831368
17280502
9330403
30474947
8002419
11784656
4450008
23841262
17406003
7262907
36696934
24647877
2400983
7939109
7457482
23633451
9274128
35316869
29616377
8947910
7911738
23079664
32271387
5395288
21396816
18062501
18633231
401616
26118875
11151454
10797727
8345142
35320364
10089557
21764540
7768124
1480997
11354873
7239331
88592
674683
5069648
32025905
34176733
18803451
35964650
18000209
878030
21876228
17641585
1591086
6701296
21505860
12822067
1568206
31535669
17682133
19318558
35168775
1278699
710113
15767187
18022897
8996077
27865536
4163406
9446073
31950786
9780566
26856441
20939226
16168099
28958652
20436504
26616726
10370362
14746161
279798
23350453
10339125
21397568
12789088
7827162
12927038
9703777
4689558
16518150
4119019
653257
8826652
9827523
8228546
3547667
15835529
2712879
4942631
15936476
18828346
2746944
10572545
4835168
18104209
21357179
5127808
36780460
7668192
6750158
864270
5274048
12413631
9044990
1931777
4992377
29080654
15808064
10916438
333746
30005777
25668732
24007245
19440287
1870368
11230559
30675697
19142542
3400119
18801883
2239644
29745106
22570128
20137041
30241210
23392567
20030865
12712995
9225820
7540342
4664324
20215595
3972667
749020
487685
21908498
4657996
15026627
1625186
21823890
19822403
19526309
3890659
23993780
23865076
4097371
28453504
17018753
8151509
25386819
9815291
20607258
6286201
21337567
32550972
3663965
24398563
20452298
29632535
31202496
7737056
7254798
8435670
28694014
27226503
2099837
8012993
17665527
24579328
18601877
9382182
21358094
15112153
9142975
27848916
5376496
10066090
4656387
1801622
5031721
36136295
20511063
8757105
19128441
31669239
8992624
1763320
10740079
37169444
8383953
2053400
285350
5350814
11275851
18062505
17382853
4190579
11902513
11910438
25099066
6958526
597075
20939218
27116998
9142977
17303513
29175445
21126682
252033
27249759
3924260
929321
579842
22764586
8590516
14499015
29412880
18224387
31766834
9246160
2593396
6348346
24738627
32087243
15886889
4443179
30403654
9248109
18561553
19708943
16766379
6723456
5447604
4067213
11887990
11026019
10696732
9173488
1451047
30942004
4925459
20172726
33512720
7151439
36013493
15020172
9492633
2895257
6902322
7963905
21519919
12082852
933788
21278439
21918336
14499720
9152170
11149675
3734410
21451782
9690524
9566201
8495303
32925203
1547929
4764909
23845436
8707541
17326322
10847125
10789219
8062656
1366156
3849047
6176841
21553118
7905558
34029391
21809290
3392963
10550005
3968671
21965334
4950753
30099633
15682728
3632519
25500746
22328289
883331
17870517
4634461
378448
11965766
11641092
1334925
5548759
31421262
29764158
10402936
4189747
26891843
18589209
933967
9811309
34714149
22537311
692599
20309006
644037
49738
6169664
1389920
6366952
5768450
8150776
7365938
23986370
1300811
7134157
918093
11762328
12381709
7434159
4399612
17682206
10730464
23640928
27723074
10392181
9584353
7827164
5186141
19089741
15711624
31016890
24295492
16906452
7431782
5523879
3864040
8023236
17229957
7239332
17555392
29281944
21350819
22126568
2914302
19889200
11787313
11056976
7993105
9725039
12825627
2346131
22072221
8614428
3482411
591416
791661
32179831
46426
11879275
4352816
16282252
28515012
3795497
23826775
15795415
4982592
7500732
1925139
24112814
20616353
19028087
27091255
6825609
28969709
14625266
24596345
26657683
32710314
1625722
21480257
17591838
26712515
4471220
17953875
10803827
2915472
28343200
2864527
16714177
4562284
5138805
9499719
2070224
6864061
6103075
7354105
56564
30548515
12817991
19967293
24528543
12108043
20795469
15642155
23395906
33234169
31876097
23725988
579846
8077045
21113698
26353037
24218000
12393826
15110803
10439054
7845300
6491415
6958503
19141134
177341
5818589
21775869
2696039
10485751
7255354
53745
5464632
5370515
456987
35761479
8293239
35594470
18048303
19899372
21820971
7323847
1775820
23468257
16171107
9807201
2025845
8535363
5032364
2275289
9564359
972084
8513269
11769957
9807211
10967796
24882344
16154355
4052641
24946448
12597139
16198568
22083230
17957337
21954546
30007834
6568690
1173175
933783
26988823
20809445
24183416
29801412
21501481
7563192
15648194
17351258
4020786
11493425
583268
1843116
15958452
24346126
16831552
1114470
18032043
8348530
20690998
19080255
2726128
32379276
1786429
12013528
18308150
26352893
11233064
36355377
25909195
7434892
1460218
34498240
18261410
19330813
28221401
9505309
9061265
22848972
2596073
23457241
15201506
18798222
21575279
34776066
8146006
36975455
1581465
3934214
8976914
15305191
7619148
20949711
22672964
6632205
16846735
8004608
2202992
26201516
6686555
33339617
10445012
28238520
26017070
17233555
9274999
9323763
24872111
19729680
918119
6546175
7865951
30087072
3315163
6363090
8367416
19072505
32434554
6994874
19123319
34458944
22514234
18501828
10968830
1174834
7180149
21213581
7761040
14756541
23161709
2273051
36329883
22765268
865127
4003706
8633327
2606875
1207493
25749491
24382435
27066938
20849257
37011658
6893059
492228
22774517
29059431
1230727
11762252
1605651
6101749
23991945
18973129
9834831
6116914
17953881
36056296
9584360
9400219
3178465
3645163
5741422
19086017
19825953
33773448
27933405
33439213
59923
29287197
19705515
1639644
7206497
968380
32898012
12488142
21965338
34148595
10584602
20361689
7845301
593021
797037
18407739
15700040
12585662
993879
28211064
21203901
30037639
4978983
22124734
16184457
3798122
17928608
24604092
2865431
29394963
21264398
22461709
27055087
1364736
11720196
20503401
23350372
1529205
16019385
5811574
26075445
23288634
12126852
26658500
25428790
14621328
10819508
20484284
27793889
21137243
18300639
7058277
12389528
10680079
4932633
7403319
11899325
26805171
9274126
22226067
28211614
20071784
12137329
19190627
16557599
12471197
1526836
7583909
11881721
18347556
2646841
24889766
32727752
2677274
12086846
7562041
584377
2031198
6476845
22106562
624629
54673
1737277
6369926
15296982
9742830
14619858
33843923
1527561
20070132
15645780
5416725
7546841
9551231
8907821
25002351
26810334
25073592
7355207
1873564
19967289
10997223
18610933
32974789
10100735
11300101
19229776
33582172
764902
7435104
11078619
12821978
8588763
1277623
21172093
17382855
27198057
25000626
23915744
18258987
19873796
10249188
19954272
21802954
20587906
27807309
4331412
26363538
1829826
29177602
24078259
7111217
268990
859173
1859552
5378609
8952099
1738169
373919
2623334
15002144
19145690
24135425
11746982
16502546
23369021
5022415
22974393
7755703
35168767
3219221
7342719
36055314
29473488
21889719
22402462
19894086
31152530
29714144
23978519
15487381
14718270
3284609
15026788
27573567
28574616
11760971
8607773
6647486
977400
17145513
2590429
34182757
10336395
11034818
7917371
29380308
9623459
15318928
19623883
6566507
4853471
29249305
9283272
2503697
5451188
4107964
32839004
2205374
897636
27871024
3046556
8616748
12693079
3546096
12755155
6871981
4755706
5783214
23070679
12398035
6882304
5591679
7960714
5804355
7783516
3632518
7405100
711563
1257816
1346670
23683721
7996921
4338279
24951107
1775817
21129656
36435613
7553462
35675623
23609869
2196707
35598963
17213022
4886803
10551757
20825463
14645413
10614363
3167232
25234138
32074804
24990878
2121446
1873548
11030285
10776400
8760752
14588127
3564371
2268559
21067538
1455028
23157138
26330354
3314632
6147526
24568346
3278200
28365953
26942569
24672631
16277875
32008733
11085451
28624359
23344314
8316403
18802388
12135856
12370613
454563
9297149
7386378
37021548
29104025
35731988
8576283
8474136
21826671
30293398
9115500
9233163
30667503
11878103
1782057
3959328
2746938
18790988
18390414
21047916
6534929
24945552
21787441
4493563
25434396
7635894
19364628
32379279
25151775
1191939
880564
6498775
10367538
9770989
26059935
35195965
9161676
1801623
11912627
18837895
6537607
24731479
2240070
32488515
2098010
2618330
18501593
6482704
1346672
2813839
5606109
5123338
18061512
7865860
26190362
746469
22648496
5675126
11150095
26323906
30722109
28479072
19789951
27760961
36989608
28572257
31552812
23110369
16409599
20849260
18941122
1257972
34733397
22469125
7781786
9849000
24878755
7475773
11212854
10850204
9577129
1024765
4432151
5293504
7703562
890674
11906442
16500198
8062185
10439052
11449184
6388382
18931591
18785807
33519718
25436920
1793396
4109695
9951447
1670331
30691108
22891450
17682170
8000351
9797805
34465117
824252
8059136
7781787
11855048
8108765
8612261
19381845
2205370
1197673
1828965
12353817
2288126
1983653
20880780
3256057
326375
14973380
476581
32698978
20870914
1917153
26834110
10085754
8042578
2734213
3640169
7089405
249129
599064
918767
883327
4625498
36184999
15317898
8710549
6822352
701996
475961
1588366
9127509
29262515
22515607
1042290
21044008
21278508
28571794
5469405
15624447
24479632
21421518
24982230
9649931
28244458
9067076
17909006
6772333
4662529
10887484
17561296
11897727
3807670
710115
22211849
22117158
16483308
12712997
8547753
5093829
6699656
30143463
10556004
6395253
7659706
7497162
35830895
17953870
2321058
9775529
3280533
26050658
8094117
8905840
26583641
1546274
23428286
15338765
8502832
26103848
9696625
1042294
8118371
10676736
7736426
25963629
26873996
481794
1220913
28544474
20131997
27756150
29428954
8298451
2346442
2751528
8318415
21732760
2721970
2211251
28097656
6701366
22293275
11150096
1854240
9915248
8211236
10979620
8596605
5039886
20177020
1873544
3588856
20408823
23738398
17236197
2011025
18463329
24596350
442267
6038709
16445373
22438051
8271290
12207554
21545260
18663558
12189230
1612877
18824383
30241140
12074080
10330859
3615858
4779088
10808926
19128433
37046011
4942632
6874081
26805077
19474669
36768866
12054391
19109774
7742608
12058153
28744998
33723745
25001467
32026709
14502783
29120751
24382434
35695559
12526114
8087783
12065569
24083695
3621116
20632058
1393860
18792419
10380716
8334632
29096890
2389237
7848462
36410353
21211345
2160119
15878094
14645447
1254978
24815489
23725992
21284351
5393895
9650038
4322571
15754444
10533467
6681189
29341144
9928579
8476242
5400576
33940433
10851774
24382433
7823709
31144128
1462446
23782255
7652375
3054968
15517656
32988962
27322074
30597138
1775810
15542001
8852096
16464398
35910055
17591834
2043839
7604861
35773611
27137076
11374208
10611585
8168731
1900033
25471040
30219092
29397620
14659343
20963523
6040176
11906436
30292425
18193576
5082783
17080180
8975191
8052547
1840027
32968951
28040199
9588924
19088014
26987805
2270482
29772460
30917682
15006275
14499978
5016915
17182833
8007694
21720789
9703786
717903
8944207
35195971
26573567
31279431
25870381
10846950
3440492
3948090
6116062
1152749
1223388
21211264
2023803
7205006
22208136
31776799
3323970
11041107
24640285
7631266
7781785
1449905
3747039
8790850
18800389
17847650
8824083
2895406
7362189
918106
10829304
24377811
8787079
19081486
23915739
35295011
20122035
12784146
25202804
14762216
23800190
18226174
22203434
18091655
2543029
19595204
15289405
11965956
2305566
34803903
6723193
6686553
25741561
10897258
9717502
7333906
918110
17877959
11270053
31378696
23891587
19762241
1498737
2750181
35477392
1257815
19106580
11250693
31099796
6809185
19635173
26261002
26995977
3789622
28935537
32528185
35711900
1931456
30851359
8873326
1042289
3076103
11519054
8111748
165636
23235747
32252194
35415795
9164263
25060343
23801680
30167038
22544944
8279765
6303698
29424261
32671951
8888234
26181262
21340481
6341853
8541094
34801799
35256281
28561716
25950463
3774997
9381091
33676830
16604472
1837227
17613294
18926942
19055257
24711124
20955536
14735483
9062587
33044090
1924816
22114869
9471510
3796751
21278515
9850138
9566171
7110954
25726063
26642105
4079058
2910244
10370921
5509056
27306904
18465318
20072823
28901261
2895214
4408988
2909186
25922084
21278042
7950693
1984541
31983139
88612
1156758
30041566
273415
23350396
5798438
28738042
19522088
8502831
2219843
37043118
8009713
33237397
21830013
9865998
23546552
2819675
10356867
20719714
17899452
8869088
8762260
3645563
22218790
19000043
5127812
20540231
1952807
20977423
17157791
9070028
6904327
27502779
16255629
30508853
32813218
2215472
6528091
4587647
2258266
2778818
26915038
9584355
1236545
5158873
26563820
8400046
4143333
23365616
23114846
5515127
435000
861861
18405474
949709
29927337
5641514
2353954
33668737
34556594
26910072
27296617
2828387
10765295
29432070
21410345
21760488
22576794
35810531
7594172
15669426
16264301
7774405
30101897
31078431
36002751
31862315
9128658
23096673
22319836
11111462
24101777
7600278
8443683
470043
8801736
3942996
14580246
1873550
25991514
2187590
34408553
17266888
17763634
4725239
17295294
29105951
863761
27095361
22655528
21057215
16714179
10485750
9919081
7669705
1341716
366752
1012353
4704833
5781292
31562663
22482311
22344598
12449471
10485749
8028533
8293373
31486362
9263626
3586724
28432514
32079594
5387192
1179820
6106787
7255848
26118867
10410664
883329
1465348
3310990
466349
591414
579826
5139575
5548155
23237221
19575266
4767145
1194631
1460960
90871
192188
14753135
3130517
24270749
9640209
2076768
12783926
6876432
4437511
251578
36791166
2405990
9436655
29476606
25951738
24393858
2328479
32250286
31983018
21241261
20582877
26225658
35713802
3904228
1910995
10774560
28825398
7029352
11136848
33378968
5049967
31646389
30402486
4823487
18185884
2328329
8177293
6910912
9446029
7717937
7228593
16756003
1933219
2399567
21132144
22232077
14584774
19828016
31267973
8600104
11735623
19308665
11106125
8870999
15737554
27089466
12704991
6827732
5776915
9348556
7567724
8950162
8097825
18834415
5624860
10584434
449246
8305550
7255847
25129506
1242449
7032937
15528972
16942639
24711098
20636109
6868757
6007338
5849433
16954432
25022266
19205420
8639403
7589593
2596060
3756084
33152287
35644861
1622644
34764006
1416579
24703730
10708929
1422893
21229937
424219
32893526
468563
9157404
782703
8873324
23435963
1200585
1406826
7427218
3317281
6958524
25708302
14659333
22203580
3642686
9138608
8667780
12542402
26573062
1496220
1197676
20036952
31983143
2819682
8560622
25275583
8177461
27494979
30365854
12478857
9064899
8506426
20512943
17658223
8879357
6704926
10463092
7265817
1829945
34916359
12634911
16612874
7435103
11822793
28601929
10550007
4563270
5639580
29143220
18347391
33034033
3790749
11949762
19274039
8794687
8177101
8420652
2320773
3352377
3849052
872469
883328
1063364
16958992
28650678
5794641
1460219
24707704
23720226
19343231
16198986
22520555
17020461
18308140
25921102
35086757
34400888
20028864
12395045
29384592
20448369
23037495
25731362
35195966
26662315
2712878
31286529
12530276
4078914
22241350
7483079
19056698
30251458
21449881
11742052
10080583
3899494
6622483
10536524
30968746
8907829
5523880
14616950
36106506
1013504
20401984
16681539
7363400
1751948
26491673
31239068
7652387
433219
1002523
4659029
1873545
9811306
2081660
2792389
7064761
450022
9608249
21067385
9824425
24310502
5887901
17073572
2372572
20943601
2424156
17701328
4119021
16420785
1638230
28952059
1343358
20332715
23297509
17164045
26243441
622685
23545364
29219189
7237303
32770532
4135127
5541947
32613403
6568691
9011599
979611
22995098
3691340
1012551
8502805
10935494
4406872
17125524
16809123
2068480
17062669
3741005
6331554
6335844
110404
10461269
1463861
16579024
8511295
13678515
15474336
5118167
8715212
24231955
18493230
20554119
9273451
36280365
29394657
24882352
8082066
27259361
24444261
21531668
7423635
6989993
6066259
7210831
17953877
3617615
14719613
34747229
24548861
3997603
28850544
29282677
15493368
4262860
2271435
27164852
7403995
24750095
19358441
8953596
601642
35580291
16333485
29673111
19489218
1391984
24164659
6566719
20517338
6828593
5897268
16481849
22693731
2230997
9446030
4411067
25239167
36167653
12732494
17405988
8316468
16381545
29562706
11684515
36544278
25085757
14659317
8978421
17521779
27857161
33356587
17149399
22884336
24675948
29534819
15095021
36378524
9370069
19967268
24289562
16791490
17191600
10456542
6690788
59030
11146968
2626718
23814975
30156052
2378073
28453506
8610920
12365475
22579756
7992573
18838328
8222251
25047121
20978776
28212434
2180274
8951803
21700549
15923586
12460530
3060150
30231328
29915949
31062148
5747183
5545172
12699061
7008932
2143667
3885817
12784145
34404074
7036926
6655903
19223909
31045583
3688955
17533946
11255951
9161785
12533256
1635649
8239782
19674072
8036377
29299725
7077559
26235175
20099744
8076704
2415195
36076918
9708934
11195064
21654357
18799897
34466203
11070648
695426
25295333
5083571
3193469
24378411
27453411
5124874
16999190
425676
11282873
8611117
7825246
1430870
7607570
22336584
21737669
4206571
17714948
2951365
6679007
23902473
11565161
3614021
30267249
27430154
2293648
3641202
3952661
5677315
5798489
5627465
4378237
8689433
18672216
35074727
4068232
4117827
16951137
30942651
19710974
6878332
7464869
16285580
11821439
12774813
8318787
7845095
33899749
24624545
10362133
32442068
3411625
14637386
20799872
18763381
8656788
10513286
2592899
22351245
7274776
3887615
17919520
6987937
763185
5291623
5310137
715480
11720689
19544536
23881035
23733540
2623331
9326908
1369628
16768082
35741721
22315737
23127933
33080858
2583965
3708449
4068166
6146895
6915528
7220427
5762635
5897286
3167777
5897267
17452429
5731704
1200587
638940
7300055
8871501
12618637
14515434
20193894
26878680
30682001
18855135
25303056
5099788
18829625
1511924
2731559
30549787
19995382
35793210
11126313
2284091
7664917
7039115
15119101
9430075
8520377
2286220
695422
974470
5280882
22204829
8710533
592999
2860415
30452954
22693726
21969512
33618699
30260234
1197677
14715112
12201669
36410350
29233470
17728710
5599334
9181570
23878879
10515758
7237301
16129371
7622959
34357492
10719728
29968970
16037904
16163889
11398219
11001742
5795735
3389032
840158
14659113
16226686
26567616
26056376
37232811
6758054
9753714
25981295
25445423
16329691
7673045
1991181
190805
11885995
31978387
20656366
3375110
1110156
5503910
15905905
29383929
15973113
12525758
10205987
19841320
8302706
577550
30266524
21104352
11031399
18028763
3415850
10858787
1892675
35488092
23387908
23613422
19644723
17491064
15689852
1088955
22764767
28495502
1591090
11893803
10806889
9263805
7319857
16037901
28841163
319899
25645111
910204
7502231
7877654
8183769
2107281
3047973
6733010
6764994
19376481
6616133
24847891
17889540
14676799
20497919
32464482
21059829
17316337
34023947
26249120
32378432
12791729
732679
28627646
2632159
28423782
10533449
22971032
12827265
3479694
7170884
17979510
29445940
20445140
2862479
8177896
7855717
1593648
3849340
17108214
883338
26567615
8787075
7620486
6883292
22217398
11191013
26684342
16758268
14755011
13806629
23838115
18055319
23691737
22936393
16848024
11673680
32348562
29790359
35733061
6664010
7362190
5725624
23182190
11075237
15584208
35953011
21109721
26443566
15061738
11597322
4779087
16341086
33148288
16243525
24342288
561045
8420605
11079986
8635116
25158375
7795165
2240071
31052256
33749348
11331337
36871856
4079416
11180762
21537260
27636120
26995999
2017549
17303512
18456775
1852923
22805502
24596346
5078126
1524922
4417355
32472417
7600277
8327915
25868866
30895811
10853145
26735780
7031014
25093804
15221468
27468161
8502830
8691759
7134152
26925635
23350392
6822348
7714839
1594020
7207303
7353364
1156745
4471223
5494899
19653033
7667571
4656389
25993174
902241
9691806
27890425
6105244
28636294
16870535
17342768
3659321
14993355
3404659
17933033
1163904
4992540
9865433
2196703
5912538
29775779
1535200
6524386
2684120
6729223
4033254
17855254
6613064
27091419
33525948
8885094
18578193
2653331
30977769
6623236
16622745
29804884
33420139
26283600
22843291
3653175
11711753
7318869
3997593
32594748
17632896
8018481
3640168
7431622
1591070
1622645
27161410
25881688
16398299
3765517
29309917
3505715
1110680
21061786
12448043
16482676
9487374
2008505
4016708
29271260
3563884
23826992
20029299
24941634
9446032
913281
27973767
22876704
7104963
9932927
2651284
1149675
26841912
21672945
8345834
8015211
6623207
11915165
9474931
25403626
26541003
7652378
17085639
6098324
6363089
33413533
26495432
953554
704038
25234545
16401143
33468728
25374182
19686228
35312351
8790516
23844913
1433227
2948361
1476153
34077022
27523623
20101603
24169196
2489974
9316632
20950071
18838890
11347284
5752843
12517540
11481368
8266683
2634551
24736587
21443831
3324020
30056725
23022945
11195418
4333005
11191666
9643829
5520951
11999142
2370802
35933845
27509992
9703801
12095939
22751154
32521939
1261196
34506083
18308141
16291991
8772824
24904174
35820298
19593525
16430402
1873438
23909033
9512920
640904
7497151
18767250
2706996
7269693
4449382
2718649
53744
163852
22740227
20099750
19225842
11417975
16328053
19176450
19800460
10663718
25091830
341711
7666460
36641897
6822349
8477145
8931603
28852133
918102
36471302
18983015
11040719
16682736
9069805
8095685
6467102
883337
3968895
369136
25022265
21484290
21137522
25279812
19708931
16714180
6106073
5040562
4079608
19595203
2657970
17464566
8172798
24422238
1944696
1833604
4840286
17250459
27556301
24579341
8608043
23127340
10476127
7652382
22238934
18167006
8907826
17713584
4071768
2405544
15711630
1603047
20922177
1236340
30909683
9727111
2710648
25526025
4217860
21310846
11804378
14718783
35089316
16409108
30403656
20700738
7480658
19213565
1639643
3207320
9086850
2233460
3672409
6788145
6900795
17075114
4718579
1547793
14572684
3749491
7251175
732563
3401604
31441070
16868867
9103207
20812441
25004602
10260372
6009334
19546354
16061381
19514361
1113460
37163829
4064050
21337561
16185869
15631871
11850580
8885818
34340886
20564071
1546245
27292180
17955686
9005126
890673
3081744
19051953
25553719
10858672
26940960
33538316
2274384
2988145
30399233
12196713
25694121
25191720
17975657
6674052
19927298
9259964
30514549
20694745
15899067
15964183
30285208
5039644
8238744
17957820
24282878
17227174
1218275
2746939
29731127
3697654
1247947
20087962
1775812
2153951
16341983
10967791
8937482
26887585
25715292
6578377
10544547
8431173
8189957
26466769
32111662
4760619
29394797
16516665
24521025
27919388
17630399
21702100
5807729
3433496
11905613
11767376
2232931
16471228
26610408
1873559
28218347
17568031
7720036
23079435
6803948
2751269
11271572
32662170
31456177
20101607
34554371
8873943
8160104
3402827
10209969
16807448
33454868
23909043
16538533
15166937
449240
32473970
18246319
31264063
19756003
11686035
27810694
31767708
5786065
7397652
2690132
19360452
6874450
3862384
24298064
25849621
26374698
19437116
20464844
10563183
16714178
9672306
2202960
5362801
17028499
28347240
3580756
11111316
9608769
30539865
1838700
17280503
16986346
26249121
19440660
12934666
1435920
6699667
11990859
12713498
24757833
29141730
1569591
3678309
2196705
28270235
17855684
15677900
19732687
34905391
18481768
7834127
1881810
6147718
21204612
15708270
15477320
7171833
4146444
31435939
32647938
31518875
792443
3416250
1462088
20156781
32401290
2339231
28081961
7954390
8004616
16823161
22025041
17631590
11184266
3240659
6822358
8242658
35708970
17953878
11025454
7339748
35501747
12774343
25092165
29394726
17199685
4479239
11072965
11072964
10977312
1327984
1727030
1539122
6861046
23714444
26868124
23893127
11254867
17927924
19603016
30147100
9597960
5546467
6010871
33112556
11182905
7274774
7428985
5718070
24041225
12027411
20065178
18989725
26118012
20565466
27749742
12754879
11270061
972671
1043150
28130476
19068448
9467140
17098177
12032441
15151673
26785281
10554478
27225892
9507529
8502819
21277939
4350990
1480995
19998830
11784654
10378958
8648401
356292
883326
1195929
48780
4786057
1608359
33735483
3717463
33022726
1212420
27627573
26409453
12626780
7995430
37167069
23887626
11370490
7846781
7396355
5464959
6025011
33515224
15649082
25004657
30281209
36164270
11892870
19025207
25951740
11259470
24691763
12491491
26314782
91050
1258198
7933339
17649728
16382130
246719
4992398
31491560
10776399
3807698
5964811
22398689
3234700
12023125
12117189
33506981
36971366
624635
21278516
33501676
21839887
7881094
11140591
26501477
33324990
29510405
37247275
28393335
4108412
19128438
22434244
3694810
20408333
23562840
10722296
28863725
25327789
23838918
21156407
19655203
8535898
733126
12186329
23521583
2223405
12377959
10063583
37358665
25760978
9146140
8815633
24169189
25927868
8547615
24637554
22318849
2390476
3906415
3364506
16379248
7529960
3289259
6549714
7397676
24448363
37241189
17291756
25090663
2920768
17503436
8197765
1014000
7762719
19732690
23519037
7675686
30475530
8718373
31018038
9624790
28401364
16249842
7661290
15065579
14503805
15015703
6389851
29231966
33504079
7497137
12101887
12924776
30054821
8996722
5127806
7904134
27528238
8072025
10472082
7731458
25951747
34497382
15106493
10455792
17403449
10494926
24261994
24114568
36200624
15223050
7834476
31434445
25951737
15955410
1917155
12888048
16110628
30567280
6910909
34854336
22082639
9392623
9416406
6388448
20425603
16507275
18604388
35345151
30914544
23716268
8867501
32692853
18073362
28365831
16676022
4574458
23929494
5127803
36976899
695417
24207092
34949235
28601794
11896761
28865460
9679488
21604959
31317673
23341482
30475890
11352970
28000014
23307981
2194537
18067218
28233686
31104001
8707769
5429652
26860864
19383123
28342628
24382436
8502834
7992572
3547714
4378236
11237486
6038571
7817147
1406431
7049348
29510949
10757844
1544089
30645775
24188125
16775990
21172090
4995111
2269013
21110083
10213574
3642287
3438774
10653874
2425705
20397488
30014455
1925252
24237716
34813371
36029387
24021257
17714947
30067620
208177
25543329
20851936
16002003
21863362
9265083
7880623
20656143
30428639
11784555
11100675
8709503
2893100
6112431
634813
1013920
7183468
12610383
17303515
11228809
19521733
19227677
8007716
5850925
29248136
7509850
2947219
12573341
3458094
1048275
2746894
33057719
7933338
1638232
1673755
12948269
8954485
1944987
1854409
6487825
25800314
17564325
2196704
5353977
12944691
5129557
19749675
8087785
7032936
30452007
7237302
3797719
5548504
3382349
14768405
431604
8783647
8260181
11253231
27002451
29394563
6595438
6805871
1880028
23800221
1156503
23839121
14696083
20939404
17130685
32559179
6639088
22964299
15022153
5502075
12744090
33234932
17079448
5108972
30005775
22098843
11015765
8058916
6783157
32613775
24173652
5395444
10606425
16169139
3967122
18672143
9311096
29504340
15958457
7170700
26358708
2636543
11795385
11473369
24916222
28388549
21487411
24382443
12631392
31900619
33554946
17679211
7656131
3423756
10185745
25118203
35320606
15067026
29679849
21146009
6876445
31023270
17823779
6483230
883334
9652604
8464589
912605
6748234
31424696
16482680
15498649
1461015
4094118
7107167
6118775
422404
674104
22111444
367510
10815696
3684658
18487574
8697978
7778245
1792311
12463710
17682179
23945143
8278714
23442305
25551905
19380438
7476617
4411328
28942905
27129843
30704207
3884136
3244665
30382059
25339261
25753212
11321660
21720986
12529353
15035895
19381788
21470929
15858437
23791088
1590709
1821945
3695247
3673212
904821
21826979
6732380
30005767
15108416
11450781
30440476
8007708
26044178
18543457
11072966
8090123
3093496
675853
25727554
24772221
18646684
7582782
12930106
28183251
9607903
19435470
25811312
1217107
8705037
8502821
25521007
23464700
7032931
27886642
16730294
18533403
7905590
7374084
10217033
1941875
7254801
7452640
24627905
8279770
3336343
6531985
4630867
10397486
28135251
6746122
5725662
18074347
1958711
22898238
12865921
869780
12382193
33986754
17009107
3242649
15560710
10378348
24849759
26209026
7088462
7257696
5596965
33789192
8787065
17914925
21712052
8021733
2045868
14617762
15100586
36017236
17551727
3953072
249128
12602549
9653011
31952272
19167201
11219950
10929927
24104386
18438109
16757949
14677493
2099835
27510517
18481771
897631
25870723
23098488
1544135
9205360
33455698
25275067
9571944
9179269
2195582
6836105
24652427
25403628
12944907
15743512
2015478
26518021
7819859
6876800
15969981
23460354
9556686
29471575
26238477
23780447
18006897
11669599
5143289
5721371
31083157
3684659
6581856
33631392
28774752
8909374
6135926
25639288
25499597
25893593
3360483
6651525
2911690
4479636
15925648
29650929
6928051
21392996
3798840
15332743
16490892
8733509
3797346
20841323
4182200
19595199
22067898
17049430
5397811
15057159
8821410
19124632
18559576
34769447
19117320
8200367
8123140
12409647
24472802
25777358
15751276
19542668
2064336
19879431
29622132
9877336
10761794
26113392
9584352
1843117
3294980
1111930
4697313
8676710
4021715
5755489
17183955
22487378
25734489
253245
3055588
20237428
23796402
16959002
718077
18801692
12353816
30886170
22173485
11300990
29096891
24495043
3793437
8680078
19492878
5671283
8502822
3991027
3519232
25200171
18187387
1999852
1837221
835904
26059928
6586161
26351373
17890212
11892864
26987532
24051330
624822
4041361
14680491
28105869
20456956
26245153
16953898
28730339
21560506
5509057
6910010
5370334
25588546
17120365
8164036
12407719
11784657
11072967
24347230
3719191
24731486
21278505
10450857
4115086
20519343
12734323
9196246
7707426
8502810
26215195
29622134
25444441
25783184
10066079
3435789
10854940
16677423
7629880
6739688
587606
33830393
3350721
21133631
20060649
17901821
17593207
4974731
21134647
11335807
30558087
29604921
1346674
22652657
27631721
32749697
15844247
2283721
18663943
31759345
33341378
16140558
3626208
15147080
23346250
35805293
18780862
20857792
2297239
10876704
16041219
16985139
11898787
5902614
9439526
2616657
8279771
16414339
3435619
639014
18381420
31639207
37184779
24882348
23805476
24401032
8787074
33496354
8253093
36087503
11908043
10732956
7629831
918109
2685934
23047804
8004624
601325
33028151
8076457
9553657
25137080
4761809
391284
2357051
23815267
26481807
19383310
10950649
683230
5495381
20621848
22334233
32086315
15026466
11469930
29480447
9643838
9111565
4754920
28162207
24675923
18506175
11097091
23350407
12929309
6701375
15925815
9893907
19470134
1556755
27022070
7269601
21658406
19460581
26756229
1603436
25234844
19761355
15230766
322830
15900371
8118374
34480286
17673070
32516244
29542106
36201098
7272892
2381225
890425
4953264
27271127
2496692
23190553
3670793
472307
25179938
26087031
23905624
31452341
28803642
2702562
24717572
19661035
19842607
25457913
37152952
679103
5869858
6481260
7077850
5897269
6647796
6754432
7937245
19426773
37074482
34437623
1569608
12666152
16288125
25980816
36305299
1457515
23458217
33739642
4065348
8676711
8678862
7239328
25985639
22369375
8081039
10448127
17953196
10452933
2183922
26756181
27461225
32152792
36656171
20803240
6393402
1267497
31605227
28937964
16925489
12219953
10917555
14986294
10421505
24595521
661925
7023634
897633
1901619
29572797
27490758
34762599
16310671
6874082
8377498
934964
26926089
11473490
2049972
6994393
4824955
3525070
3775300
8049459
1196221
24647996
33389555
12573777
20955525
11550498
10925636
9730147
9591021
36733146
19935285
2739317
16904096
2110630
15555190
26245162
24853210
476705
22416387
10765298
17882494
29030785
14580242
24635972
17512433
17443737
5559572
7481224
2218819
953935
24165316
5156944
1393699
20009869
10628187
23350409
33517468
17157792
17385242
9138601
2710917
8912477
17519880
1698488
7944459
17290072
12359852
3167163
25531258
1013505
26186652
21877441
15051786
9506032
553798
29566711
16154816
17261763
6438367
27595191
35858785
21574521
12645525
11680292
17049443
2106982
2265260
15221809
28323344
26799800
5317698
12643266
6910915
17353627
26667975
28669449
6784896
26812429
21059271
2678060
12927039
16032998
16529033
25271038
35347549
8768205
31056267
23508763
11502036
26364536
15179456
33475558
26757491
21319967
19702442
8118368
9644699
17350949
29080921
18814523
460748
9121936
21894493
18617535
9150901
21540862
28005837
28271963
9417680
25347269
23576481
18154206
22609732
24313193
3689666
24912480
30231347
8539632
292404
363074
6515527
35120831
12814202
1561596
7340714
7227435
3056851
31348975
36078129
9792821
29137596
37201465
34696795
23167341
7349820
8287011
9755574
2739962
3094726
7118477
15636025
12734078
9274125
3944415
5031694
34000587
11856155
9233316
9425961
4092115
5807624
20376413
30470892
2765840
15972049
25034440
23780449
21373873
7954272
1413376
373908
2224791
8575287
11130471
22161844
32481447
36067629
17851755
17929615
16854548
36350471
431601
23448954
15770888
6528089
1220977
35480139
3957541
19181018
4475824
26457577
15541050
576250
11187948
2449238
16794237
9780567
8513261
32245795
30059727
36153866
19743772
10336815
2339228
6349291
30231387
22016764
8787061
1611338
10367169
7371687
23885732
6394441
32054149
22098853
25777094
14552448
3773658
30864836
21296843
7980842
1826204
28912475
22730889
1643987
22005900
1764379
2400967
1341288
32521936
17510768
2605348
2725589
2746946
4704662
12928339
17760672
3704830
18193507
9336351
17268811
15327508
11469926
27013323
21186159
9380802
3086059
19128426
34159881
23367158
20140531
19200420
24382431
587411
19800455
106648
348183
20448376
17377838
16419721
7579721
1531367
7309464
24767882
15652112
24857085
26925656
22126465
17004513
27869445
11879296
30503975
11217201
10515757
17440157
23171506
22073747
3316784
3974476
6438609
31359335
2348476
943222
2621252
24536051
11309903
17957338
3742506
19027287
3228594
37100166
28477017
14997057
26183670
2322648
7292362
1268810
5136681
5826941
7407517
35257886
20420001
22834089
12160123
6848848
26856481
9778675
32756008
18463331
30863980
19434940
11466999
7897783
1347831
3872998
5648901
33794559
16706634
20194835
17192916
17043097
5518693
17020433
8080672
10378959
1470143
15177422
8715222
30607680
8900762
3080612
7776283
24596351
3875937
4824438
34838396
22202287
34383180
2573767
24821976
981178
1233027
33983597
1759766
2230615
25963698
1989657
4856443
18837028
32525929
7333313
26059932
21337565
15549584
25450588
21337547
16733206
34182760
28561710
32546017
17413840
10665572
205719
21153990
36155162
10212624
18416055
1303643
24176662
11923732
36755280
35239041
7558452
3765867
6812894
25612892
5102100
32857605
24615497
8270048
23972475
2740683
31383623
12478853
18177560
30145738
23745487
35843308
7663742
804276
4479240
31804858
35184935
1602468
28557680
1625694
1300782
34823681
18416014
8689438
2382070
2370487
16373054
21601458
3064266
20138540
7534519
27258518
10572556
25160029
23876569
26166124
19602565
21112854
3599458
18701834
17939925
23615784
7877587
31127469
10583584
18303968
6692276
27774765
4058531
5042806
25336696
1776285
7209196
4361438
6393397
24760462
12434927
6632643
11925668
15916318
23788797
25038622
18371194
21084258
25129914
2017496
22426937
3911331
21192566
9925258
8620140
3788196
579916
4652429
8018960
24874288
1794133
25180478
23780451
8667918
6634395
6021399
23381743
8007707
36892099
17113718
23545363
2609531
3779294
17158751
24122392
31045531
7867023
23481052
33454355
21142663
2613207
23780450
3184344
5786312
28809617
29745104
2207368
7827237
12584378
31392599
20503414
23322821
15714210
7647695
34058834
17216424
26209528
27749552
18816619
7552627
26253814
8150568
36435612
1355686
4034050
56662
16736280
1728395
19208425
26452183
8726586
817528
28364269
18252144
20677900
17123131
20306109
35550273
20593178
15894547
6870533
6243785
29722058
434331
26590713
8418309
11766147
8517088
33947744
21310842
2712880
27265197
869360
24021255
17519044
35299184
36183671
29554469
30739744
28711995
8621303
21134648
11720682
7999451
33783531
15454198
11956284
7847932
31464761
7443307
8712834
6680863
2149033
660961
26741869
22711574
1300816
3042538
3783199
5560639
5583460
10363137
7044121
32696882
8279766
19436031
18669447
6729216
11321661
15095715
27282586
814542
33209168
22994790
10370923
21511492
23598985
14648970
29572011
758576
5802022
12713506
20172727
29207959
23151952
4131433
25428803
25815429
10943171
9167307
26951551
23030222
1543888
28300054
19544363
30139271
28393973
1960745
3275333
28604479
35952708
15756265
3323974
99204
421948
34387770
21368479
35122415
8711707
18426289
29168654
22493829
11966300
9261535
1623816
19624420
17059162
8313325
27327035
20870734
17533401
8405206
19336699
17073553
36823097
16677416
23061339
12722870
11398615
1609351
959084
73711
17149395
2331696
5515129
29620792
23478282
7235096
6783165
7087729
28703335
30923913
2202380
2777594
8956687
2693829
6734010
24750514
8011960
8901855
8825135
381658
19141136
34058844
34652547
7122433
26527804
8082107
29024383
4157781
11791128
1430878
16465917
17617928
30591480
30577784
28166544
18218823
18181003
4790887
17057642
12899495
8175424
10515756
8004591
8952638
17543945
23011818
2111476
5698317
7089407
24367870
16832882
2215318
1169411
9690525
15389375
34713754
19724278
11599901
12559043
18837025
6876422
8332892
1675728
7744584
4083918
2814827
14982498
10548312
29563032
2712882
17181672
8270047
2031886
8620138
21337570
22250351
20597348
6768437
32617603
29587682
22872547
7985530
1470144
7999474
902536
30389401
3079478
24215727
23495679
26446426
32789499
30704663
8824012
14618890
23341481
20187727
16541321
8633328
7951607
35473920
17551152
8513084
3951147
11250683
22583403
6680393
23054843
3620714
4479238
6034456
32074805
11244637
28190251
9772832
25252990
17878518
7480662
24403187
2666354
19773111
18224385
4695517
7397675
25189061
6785888
8137228
30654364
6713348
4016605
21284269
20361465
7495978
6729205
19887357
8481925
12924462
8445969
3640173
6868756
5567700
15073102
1738238
706423
22744987
17353531
1513829
29541974
10987217
5447814
37387037
25383659
18083700
9156278
37178472
18374891
36228405
8691252
32598185
32805688
17503444
6043736
24596049
890675
23430012
8534333
29945114
18694379
24298065
25410431
7092538
3203311
19442515
12974180
23252942
15755962
4938235
9652769
25909135
15604938
8720759
15188011
20170568
26475705
23153392
12073504
19014435
20669797
2372571
25809536
25727558
25668825
9106636
8560912
243962
1236337
5352780
27180161
1411939
17923736
22774341
15465903
14690009
4791842
10744933
33739716
19255114
12016387
17001673
15534689
8136940
1438938
903263
8431171
5787940
17585647
2761048
918115
1775811
8715465
8610261
20464843
12796038
1364737
2392337
12690620
19029420
9458312
25823431
20197324
9116579
16875820
2218825
28382166
15494593
24997077
18981297
22740200
22028401
10173213
31099663
8058814
356301
14575583
23937211
35011388
15781628
25703933
1245008
8778911
35901822
28759347
32259783
19463683
21596057
22797633
22508829
9196166
485416
7676753
14587867
168960
17760683
22019066
7054899
31884065
22934701
11789162
8620139
8066889
466892
7697085
24177593
4563813
21306899
29282678
7995414
9212077
30032478
23701588
33631478
8907207
2761581
4056551
7028205
87846
23323462
9724089
11149353
7463687
1042293
5540275
37074036
29984695
11136846
17157623
8749212
21422271
23090139
9404581
1643984
4778516
11198887
10661361
23291659
10776346
6647468
17632895
3566136
8249179
22851265
10412308
6656965
15816081
5630658
28205189
20497916
53602
6366701
37052972
25179838
7296485
27931006
21735250
16829071
19626443
8895770
31456069
7396752
28766222
24458539
37337943
15389379
3891770
1465314
8554194
16309215
30983539
12523271
7244868
874376
5897270
8927859
18325921
20224493
1347832
10147767
471490
12113193
12967459
1933227
208709
9803138
30480572
23171625
16541530
7182545
7207573
53620
4182810
34013530
18942399
29925280
1622883
8954481
4095120
25526922
36732988
4477672
27453572
26930024
15855106
31099662
18688863
9769953
15997699
22307211
18262455
19932946
21277684
15698385
35168768
27642397
26714006
19410442
3620715
17929197
9584356
3821814
6475077
902008
947020
58285
5675662
7339245
3806161
23350399
23183304
22981750
9935347
7827165
1423243
266102
8266146
9273804
10928861
19252972
32334975
21722539
9127965
8239682
7456433
21655725
18680488
15138352
29766637
15849998
4821880
897632
27565166
3456180
23915747
1373298
540945
8877015
16272454
2374349
31003020
9800967
22386281
35829987
18418906
6071382
21818544
292806
16526420
8443765
28702891
7424942
33655973
29860760
23127218
18080443
4764908
4013133
15535855
35781767
11290691
33550915
35168769
27815749
7542721
37218720
22634493
30790386
2736585
29733510
881626
20711947
33906327
25677741
30941999
6472522
4482039
31999835
16775176
21785460
7865858
19828405
29781235
2163750
12585653
7567834
21278441
20563645
8334618
2101602
24660726
1464813
30537762
10511146
15894086
22385917
10556001
7359923
34631877
7071949
30606073
18711178
13677230
12587570
24759275
12665328
31488441
32725361
25991424
31739937
6537913
31414431
20814816
31569063
992903
11374212
27294641
22797634
8133584
2021727
6110831
901984
4732845
875244
30403717
21114801
14528076
17259922
8213245
2078242
28561071
24882356
7004623
3582602
24882355
25525850
30587726
29349711
4004380
16454244
10164151
8502817
30613055
2259926
7481234
7993109
1419296
3908625
3984629
22868241
2807059
895340
8954482
3847183
23909029
8318636
26464711
18544965
734442
5969408
4371426
12057163
20157105
12870592
3849054
734433
8646023
700891
20191859
7015141
34336008
1873563
7611977
32240608
3242646
27220790
23878880
10469738
1292251
29569018
6515528
15824141
21952948
2577662
15687702
23545359
3814296
3510440
3833308
20564117
8983622
19850477
8075687
22235100
24038098
25595143
17417725
21391514
2618323
22928984
16550014
19054005
16536250
8639735
1602464
25320599
9309100
33501919
9542510
24524287
21186747
23396646
8787066
23078228
4107996
22795229
16955122
32888475
11533832
14641193
25946589
26915039
9625814
11961157
2915199
3317071
4695160
8423979
23604190
974608
26165857
3691823
28357655
12185328
24654879
29962837
23819353
36959869
19648099
15535853
32356049
16782442
8099186
7018776
9928543
15325619
8260226
6880458
6131865
9147097
26786798
30231399
22586571
25034137
20346095
12785429
10888779
3201313
4767926
9608250
23299531
10558328
4203038
4203039
3255294
7768123
35688518
15830146
33749632
11795371
4036986
9690523
33611666
2922376
36738808
23061332
11062648
70077
6817833
30040652
25858913
16809711
4726982
31783314
27508455
24438067
21364525
1788460
1486427
24126121
8129384
29166151
21229623
22184327
11965994
10665573
4471222
15282697
23459626
24104964
27411761
3419299
22211922
8695370
10665576
3553956
6566511
23462719
9394858
22881076
11218619
35360070
1348309
16315864
25637341
11114869
4354016
20597349
36323529
33534788
26394558
10323702
12086883
15056050
6691629
26756306
3902323
26330353
5060639
9535407
29039119
24189468
17214796
26815507
3788848
318713
8631417
22257533
2817162
14733031
19998346
19857040
7186867
3602483
4587648
36326735
12233023
10539391
5347897
16253013
11181652
10834870
8774271
2766974
578170
980485
1543892
633975
8614843
28133214
22293157
17760684
26750438
324696
9684104
21993012
8287336
24368539
7036917
16737949
9212010
21859480
23446503
37160510
9807216
431603
20878843
21231780
1409167
18086005
6144934
21870995
2533155
24580970
23687790
23614365
20497918
2096447
21411023
23364275
3013353
28396252
21764108
7150782
23192231
3593989
8303469
3756797
598333
25669721
2255339
20529793
24275985
16187928
9102808
7053455
12877379
3762554
175359
31899501
21311984
5353964
12040559
1586819
29487982
9781208
5134776
34614203
19082705
20978439
19160108
35898593
9803140
18035674
35435529
1490206
6692273
18640950
15061749
10497618
26982254
8547192
7303701
31786895
25398591
4190409
31317348
2704283
28777455
18090816
12529183
31161190
12490060
389570
25777555
19112211
14668814
22934477
3657659
29254776
33247475
16231827
22842169
20591821
21374944
12699064
7349773
23464698
8339237
17826094
3778202
17102622
35853035
25727559
7564675
1552638
3206642
431602
21755793
10895196
7914321
8517092
8037481
25427579
7346163
17632892
990725
918120
8888150
12845638
24691605
19383252
3965092
919855
25030600
10834116
2919993
2305556
6619630
22402289
8766311
25233905
19947380
31272045
15768434
24905342
21140764
1622642
356295
24487789
16056258
37182990
6741008
3715334
6102718
20534622
9045316
28496143
22846731
24767469
9608184
8669857
6342752
26659430
7272853
22997388
10772691
8169970
4075323
32511068
21278437
11134191
32268664
19520521
28987136
1006492
10422123
3814479
381750
11258212
2817159
27328945
31897878
22469291
5567112
4016285
28627779
4616985
27801648
22162502
17682157
7164380
17957336
9377599
1638930
19127253
36633028
20150755
23934505
23277772
22454417
27498404
16511900
16986347
23207073
33608588
17486134
15925821
8629390
363213
2402926
2400671
7309469
32894009
28340626
906157
22702070
9287448
7343167
26310583
26769212
24075989
15610685
4079435
8279839
33752417
7693120
27856629
25874699
3762813
9807217
15196369
28252236
9121265
29632272
24508482
2622448
25963432
15449536
15387316
12537151
32013342
9628953
20541465
1743197
11787208
451321
9068100
1738170
32180032
11025984
23098520
3959330
36086063
8001000
28801472
3228592
56602
2238972
7851568
9597685
9202505
30041537
5567715
6081473
10070301
15569200
64291
34967309
18434071
28198505
17280496
18558006
29480448
1891146
5849127
1308756
7863346
6891643
11916229
16958227
7139534
19936550
8082088
4139524
12425798
1893024
49725
24416846
17890089
4684826
8124890
33435254
29135131
19073500
21437609
20480835
9781210
6958541
7802816
500547
15371084
33573544
25893586
2910245
23273269
9755801
23016465
15249258
16533679
8954483
8635011
28428098
26841451
12113229
10515760
1516029
16875265
25638538
23615720
11514003
25757548
20423441
8173066
12196282
17571480
9626202
36575780
28365832
20953227
20919834
29894075
20084618
9446938
27045151
695029
19641404
30025274
34874791
7249437
9550810
23382998
6495680
7870604
18649131
8610263
23339383
17879118
2146810
6908500
22227545
19524471
24028726
23350373
21476934
6924603
34967319
27364151
27894097
18796372
11290692
385862
84981
1954170
28652562
25648141
32169515
27031354
35644793
15477861
16466540
32934318
606005
17391879
28029491
1476847
26549144
326378
2310681
32401292
36536258
32629551
22835917
2713513
36140723
3814836
27837641
3589973
32053293
29660894
7209103
15784178
20647302
5127816
18478923
1882279
23448948
1974958
3285621
10577642
23267969
523610
10386638
27556841
29740104
36821135
9191526
10930113
24644176
36435603
24839049
29426984
2205367
15073438
33492542
18649762
10909638
18835522
28696989
25976852
9755804
33843925
21115287
14759781
3603462
7303116
7577345
3346994
21861221
3660759
6144933
2741718
3168410
25736320
533821
22320956
6616079
14511181
1440059
16170485
19457695
22126512
29371086
17682188
16481650
4328596
16948400
7087817
2518549
10538845
126473
9926781
2180836
3995424
20700739
6386074
24675268
11579340
32520684
8249183
19408048
6986933
27338371
26974991
1393859
27424439
2286139
20953831
6667407
19768886
17727094
1433060
165635
11202793
36853086
20945009
22395981
15803359
23218742
28107325
26649958
27056134
21555693
34953739
36539240
27461674
4439949
5128993
7827950
11940471
7401587
23169493
35438917
25768893
29671136
12712385
23254625
579850
26283300
16998942
2288121
6291981
8709941
29414922
19914532
3025751
15633475
33794560
34930010
5448777
37370117
2149819
32965667
23605680
22010394
10088524
3725071
2354398
33596988
18389947
4012269
7239337
27259993
32277692
25400094
30238275
23571814
7593135
31253664
20738211
8047778
33156490
10847699
2756233
9367083
27807536
16887003
34346020
14990656
17959382
21916578
21050302
25249067
8535899
4439498
6855419
2001557
19031215
624214
1236348
15794364
15181729
9923961
8045725
1538900
1627419
15171321
11170121
9242745
32199930
12417515
17402952
36574282
24328592
7427879
18772803
29575937
25208275
2001569
24001709
388318
21541703
32796696
433218
18311906
808264
601326
7860412
29054418
21337572
17182661
18465317
20830311
32858230
31472049
12449462
11475071
5541948
20486611
3990475
1190884
164325
12903591
24766479
19925033
23394116
27093342
6701783
1913534
2339229
27892242
26340526
23435835
29413657
9145699
6868758
587603
5666794
31518487
21769659
21642676
9542518
7158738
7206159
5762032
24823854
23350458
2673791
23644270
2236847
3276534
28300277
16799354
8601097
30730767
11114857
29041905
27165223
7346793
29063648
8466761
32241188
21393379
10382717
4087452
19630569
18812668
11879299
17551155
27425815
11421141
26198331
36441050
9303363
9085415
27152670
28591713
3037871
33649008
17088061
1792330
20120031
19773762
17982842
18756927
12370621
26883534
3079475
16087089
3363431
17024122
33356806
17140367
11488178
18705570
34448098
6721606
21944030
29361622
2930984
24918820
19103611
23725994
2297485
2699136
34247761
36426550
26072498
31285741
10421361
9481106
7475597
1922240
758039
9928568
26059940
6589444
22210191
1195928
36140706
3975207
3073492
3304611
27885306
27539316
11338758
25675148
6587146
31659636
30681416
21331463
28272536
578818
4131216
9224971
15675405
4281119
18362632
30541035
9242484
16471130
9862630
30784287
6096976
16650074
19104977
3609486
17706425
20022862
27590516
14528704
8534860
24325229
19228622
17078207
7649518
2711471
3520908
14512802
11560983
32971305
990724
34080387
11882975
10605304
25941088
23897834
24754580
5454461
31001905
22099974
26853409
31638964
28775276
24713272
726110
10746434
6992972
10798850
15717717
18419627
22402290
18258975
10922397
21517252
11879564
26371354
22784616
33004378
24262820
34219705
8373270
9136549
4767228
24283953
30941948
12374667
25770837
29934524
21670461
25585654
8380113
23176304
4808002
24438062
22126479
7881108
7697576
23330464
35901342
5079795
33143050
27885679
32186168
7884412
3338961
6484865
31818385
3601314
33078750
22288145
7898113
30979502
14671396
32427327
114634
15795104
22410836
25770339
10463080
22162585
12080537
23542524
8090122
8168763
4627949
12759397
33526044
3194290
22470903
28117547
23970403
16686338
37100671
16043362
28776284
16605046
3858593
30833157
23443291
11899641
34236574
2370434
31625826
36974549
9166474
1755768
15054728
22035539
9727107
9810985
6692267
9623326
20804570
29132569
7753435
3189233
12673112
2758113
3073488
18476881
7606076
2259768
2006713
14659315
26470896
21079579
26231096
15713970
18248968
22644308
28392480
34360649
1970025
8610271
7981085
17760665
2267455
5457517
11888003
33775132
19574687
8484967
17258680
17213779
19999265
12514712
1506268
15140665
30875105
33349534
12948112
2351850
36170166
33043809
25829230
9831109
9217624
20735468
15830147
10458677
441808
17598882
17575651
10665575
30702862
23956454
35348781
8861121
17033919
31068074
7856970
14712495
11598627
7567606
2618324
881951
797036
4641466
34864646
33867352
27810789
32456464
23359049
8511920
3284964
2218826
34173299
34999005
28516433
26249114
4311116
9917553
30553187
6650622
7007922
28550675
25951739
32602959
23014189
2250264
9255744
1485249
1113466
4808545
21901384
30419307
23464690
27685521
26047809
8410129
28472443
24579333
3415591
26059927
7974397
35188865
18534852
34406405
14644487
16249805
27561648
28371343
21667120
21511530
10355088
30072013
7631453
7583973
24106894
1062619
36725198
12432419
22835916
10922389
20192070
32931976
6730405
21264845
20118972
17913650
2618339
3440491
6566510
7207574
645195
24377606
27012792
3142562
28117125
2205369
19241643
2819635
2413321
3735672
15726103
9589040
22886477
16850245
26406007
34687372
3787831
7950739
28162206
9430190
12642926
21110082
22271761
7731639
2236861
29288115
8502836
9099461
2532626
6362821
1809863
17167892
7973884
737104
22898897
12375043
11243092
11257592
5127800
22324359
11673682
7164627
22921984
37170860
11336241
6743516
9923205
32617752
2649218
24135767
3555781
28002893
19250208
23920325
28419141
19666246
36705815
22594557
595513
23178348
31606824
18054867
7019881
811820
6632209
12608103
11881438
20800171
12549959
10854937
22988279
23772597
28188126
7697978
11856157
28034453
8239195
4021750
26013648
7000289
128267
6539378
7262164
24004610
19021226
34384586
33000664
36959110
9345345
9446946
8924821
3727789
22502659
8977588
19128442
23167370
32729618
28923544
20677038
21070452
19112840
10716956
16005602
36055059
20071785
3994399
3339636
26689336
17706109
12955031
33939895
27760945
8415960
3311442
26901376
27210092
23345353
20647696
18537844
7058043
57477
15590317
12630208
3849049
16685073
10070299
18714348
175691
12228872
36609281
25820592
1891562
1261952
31821547
8008260
22903689
12096298
4478227
3430234
6821775
23350400
8620142
23690420
10377899
21890360
23480498
9574381
19223901
23748814
2645861
7920851
538928
35523601
21699739
16858627
19053999
3847061
6768522
7138243
5464960
31587961
16848862
19454421
11824147
4409000
18274087
15153356
36733124
24081811
10954261
24913694
8378890
16794234
19480818
21337564
7881113
16912568
36461119
16462313
20872853
34057120
7020000
1300691
9824370
22828656
23084520
859487
10089889
9148871
837337
20185801
19213562
10421534
29888731
20169208
34850303
19031114
28154696
221163
25457912
24136669
21345264
27908419
15820435
1172691
27522160
27798904
19056529
23130921
6619631
29767858
7848099
26375396
31004298
4843860
31525579
9932474
3463242
21160207
11923125
10352166
27923047
36796936
22132746
14575990
11767790
2271858
3081080
7333902
33969660
30145089
8507946
29349710
29394547
36435611
30928514
1568999
7599877
19292802
22362034
16720938
32448706
2237394
15318704
18653372
1391977
35690697
12116602
6397064
10951427
2287616
6632672
1552557
25406994
16567766
23262654
9584358
8412886
1904607
28614816
3870536
9042311
9127811
21169245
3993838
28835702
9391537
24020991
35589860
27285752
14572836
12203224
9703771
29915994
19108022
22658318
4754930
1515888
30194175
18274080
11374472
3450584
25726309
24596349
23735944
29132570
35234341
31305469
23538262
35673125
4046061
15296985
33398477
3982520
17987791
425677
7512087
18641520
29870916
29554092
4000314
14708971
31469018
18544960
10859556
10684918
7747984
3682109
1840983
1778705
14756428
28938853
29801067
23463924
7318863
5146867
35799399
7896444
7370949
26291922
28359730
26018662
20356942
24145992
1513270
23734272
16025217
6259586
33271295
12555702
6822350
1115123
2188595
3234897
7354228
653258
34365562
32246201
11879565
29521203
27558253
15741577
29091010
29313063
7840522
23508778
16860380
11774860
34074226
2741597
30264887
7349821
3775088
10810427
23317215
34411412
8468717
21080741
8502818
3415592
9393359
8936856
3329346
7249210
4992347
19419851
21979221
35130493
25871681
1364920
7144956
399231
661900
871780
4750569
4786443
5615839
22168327
32663320
26661458
21147813
35934170
30529656
34991105
9703789
28177431
11463009
9328188
4215164
26126114
17310566
16481845
16773436
23072454
16607785
636544
910050
11037540
17906450
22515602
18416012
15592149
11988848
1745044
579845
25469398
20974562
17507607
25406979
169381
20563840
20587405
19468291
25840656
4706655
30446853
20711657
11902563
1013502
32442063
22883190
31358030
22157294
36341435
21278046
8869926
5401486
35931900
31414243
8378889
8694549
35348780
14674123
25465242
1421691
23905544
29282690
29516372
6553965
19951952
15548786
10543704
8266144
6655920
1042287
2021157
3196039
7768126
27386662
34528334
11553422
29304834
32816282
1423069
7219124
36789739
23542523
18448450
7849999
2802752
15535512
18998362
11256933
15689848
12908461
2926742
17877962
6891930
35765123
32174198
32914344
379454
17953869
19127428
34292300
15144049
7208432
2000546
15274456
1739608
638993
3308065
37211021
19088015
25556354
28892224
17474993
9552038
326381
2404554
18780525
31271664
18547616
20017885
30309689
9849414
31567492
8778798
35665982
427713
15264273
32886287
25333731
26454168
1828967
24952906
23330031
19732688
3432842
8899321
15542887
15584457
31924720
1873566
7933337
2062135
5389459
17907452
1549672
36409455
9864983
12585663
10792321
4620390
7437292
15235906
18080617
8502828
23750595
28639588
24164004
10229246
9584354
1460214
9006563
35034893
20060285
1609291
2229334
6958507
24394125
12594943
23350386
19188673
12955047
5570279
31493300
16150987
21501537
17927925
3304480
24175855
23625276
947521
25848913
7319204
16145830
6645999
35397080
3339377
29926791
19768876
22126539
17032899
30919143
23649488
8547398
30260191
33609208
34632849
21409394
8757694
31176149
35607887
8099399
1347830
10573579
23601761
14519753
11905711
31839156
9815527
27323818
9802618
17882546
7951452
21115360
12408041
57415
31087799
18542067
10834115
653256
22704970
9035767
9061281
307809
36544167
25975955
16259513
11902532
1498730
736749
1911078
36030283
22586000
1913505
3219216
12057133
12889371
2501544
17059385
9065596
7981457
2378127
366755
21099612
19596212
28412757
14519644
30388053
12766590
11759180
29245077
33380699
23879579
6071381
28234813
15291336
33034872
30872384
23710200
35388639
21133621
28453505
3228661
19418826
34904722
7226049
18005669
18598923
2286217
23890313
23633450
16766180
24825112
16686820
15459559
11195286
6686556
27102492
2012873
9293172
9176757
335402
3657598
3798573
26225677
9065928
26022349
33584543
9421558
6860910
23062418
11553230
790963
35754051
3928002
639011
29873455
8338481
22512737
10349773
21951320
8846860
26705147
17369670
15978425
8204372
19674073
15916855
5458090
36002702
5427473
4770460
24193221
15360051
25993169
33527644
7098345
16535786
7707388
11975392
25335713
6707563
34465118
846856
23009636
8573465
30618271
28845907
18360988
19861226
3098509
31168183
33962905
18080441
11883297
22642279
10522102
6105455
4533788
2902393
11043845
27654906
24077500
23939284
16168141
17725215
35570541
14588125
3424097
27004723
19754664
21671037
31487500
22655325
7933393
7914975
8766303
20591793
24620991
695028
26011339
15535860
15923595
1862754
26712068
8657928
21192564
23039364
29936464
23056464
27017252
31435878
31683457
12669390
24190694
19117103
31361984
22811441
30701349
7950398
3549474
32527117
8702307
1833804
15837973
69328
7318873
5387188
31718596
32289273
20501854
12791407
17682162
4027901
18223219
7839960
16764744
32434711
20207793
30079815
28981332
10754807
104390
25796820
2788627
9397805
8379641
27176735
12875594
14965173
27061661
7627537
6780016
24261650
6310900
492592
1252753
6021400
8625102
21240058
23722312
528190
9297014
33277884
30914174
34274486
31822191
2261393
7397666
15283083
1217848
26154196
3829014
35908122
26234171
23725704
23725703
14673068
11063550
6346191
7278926
29331247
1498490
8055034
17489734
27279507
16404417
613236
36384768
3490716
2339227
21618959
17261760
30771516
20394500
23916827
28739751
30908146
26673236
31781853
3350851
26418235
34148889
31351695
16814481
740287
17594630
17336481
2003117
16607830
9045313
26756790
12447454
19408073
10232467
25643548
28161933
12716036
26268697
26124086
11097086
9291796
8206490
17431467
16320687
9481367
3576569
3634215
16983871
10603648
6351950
22397124
10392174
8620143
2090578
17474872
8089881
8086995
8422603
21844363
3815031
24785636
18809050
6148608
10309734
29934872
8824459
25096396
31006773
19819143
17998680
9150155
19178104
10909597
4118561
9019699
26177646
21172089
16464397
36972361
8123869
28138894
24725434
3357390
25143958
21827567
3281778
35888592
15327081
4139539
25778293
26625895
28430642
19949919
20961504
12897328
23061333
19410192
8597700
3509527
6643166
33934511
30153865
8415146
6730017
17236587
28735162
15164431
17682177
8049630
28866828
2328474
5486609
36826617
17250452
28121510
31712953
12041881
8343278
3609106
17390420
10487101
7480479
6533742
2410339
32070993
466211
15478047
6633191
15715368
3220694
883322
5468574
1499424
23529451
2205372
10379958
9824427
8170253
7032935
16163035
30019918
28677487
10431933
26407578
7263180
10624167
2717727
25548983
28454658
26614547
10711577
32061169
7749162
9681592
12487278
23171096
20338991
12361423
27197515
4079423
2367058
10066087
10947336
24837185
26323387
25457911
12939104
9232610
28522091
26573063
22883191
8073686
3774009
7459948
4110644
4286062
1093067
30347002
19128443
23219630
4191021
20574808
5315921
21606012
10568629
8735889
11038147
11302297
11520602
31519450
9703799
17580033
18623939
15860891
20711670
19755811
25329510
28718407
26987537
35236627
16430395
25731393
36084809
29902386
21751196
1270573
3212482
3042534
762826
16768979
20030878
2666355
36336565
19856561
21246518
8874335
23975594
19791573
10560859
28524711
10630153
36595649
33097334
28282999
17244992
11026579
9541076
10873355
29526243
8784867
18058569
34626533
15975194
23901314
3591178
16626501
36800620
34242744
17211533
19221640
7676945
23637921
20523208
23392733
30787125
24953699
9190484
8098453
15462037
2626719
4834835
25400761
23820980
23267973
30338354
22763241
2687963
21450091
18701842
25457914
23483540
24286369
6475912
26872310
36462594
34913790
22202266
8614842
28043715
16449841
26367096
23725877
13679075
1790658
20104976
24596219
6851749
16047331
7738758
20028324
2489976
32513422
5901407
23633449
11923621
1403045
2754871
3538222
3912300
26837323
21134652
16632418
2353509
2799544
5463018
28733195
22448796
16532438
17267389
20853049
19554397
2678487
21436945
24330786
11858029
30571614
35157667
21290791
15351171
15327490
30718646
31409314
36577833
12703413
20814746
7044401
7013261
18077995
16519381
8710356
29866283
6722463
21938984
6475365
1794132
29621025
23127116
23251495
31508500
32666128
9725001
10063567
21050422
21642674
16482677
10547999
9917573
2289649
6855953
31943652
16482679
10347659
9672305
601063
7842566
17056932
7567723
17361546
29349758
28833864
3363123
12548038
25133845
17192754
14699026
9660031
28607534
28858535
21456092
14520712
36412322
2751544
21916581
19690544
20127229
25957595
19593519
23867597
15949423
2362619
6318259
23725705
22267060
9616432
1620171
1896992
2053028
1364710
2876309
503935
5430966
21458382
12830577
7366310
1143029
22410607
2255103
2391444
8834313
2253793
8494702
10550009
1430879
20818318
31450903
23350398
11300325
2302056
12478900
1670853
21104349
5794334
9423607
34838055
28469042
27480748
29243782
1284825
9987499
16626014
21916574
856236
2589306
34528553
29349755
33797944
15726718
12638588
8740782
6633042
36087857
36470257
36138293
23506912
22571614
27542274
28831642
21908500
11768908
7130795
4969370
6742740
15371463
21874512
6010089
32272505
2048226
19679690
22735901
5668737
10814562
20660442
15890578
8465012
22629832
21034547
12841658
9248110
21723729
28726159
11919164
28370172
12559068
15705913
17567306
10369072
9608244
37312511
2695654
4830145
3079407
6227904
7208308
20022883
21463833
7527779
1012131
31308027
24123028
23491276
12817367
10366320
8535359
7390919
366756
699759
4662076
5115381
7953386
1928579
8016901
34102512
16728943
11430205
21818591
1208202
36244645
6613926
8097826
1670527
6107710
5086631
20224365
8639126
2302623
7229406
7393173
18681315
7115121
17953879
6498064
33137368
28393336
28169599
34052769
31762242
21088279
17236981
23129557
25258308
16948233
23399047
15093197
20924225
33206264
16687217
14642950
3864042
22237806
30088127
23350397
21484023
20735466
25902832
26438238
31823810
32871325
16205597
8971466
5810483
12494462
12101395
32630657
3325376
11443607
33099843
19144210
4214889
11176036
27768905
34656300
18252678
33895921
33661438
22564522
36573823
32359475
4052951
33406787
34419955
32293455
19618461
10934697
12611463
20133258
29120287
30139693
9348555
15929339
8743813
8538149
7616627
7769911
989126
31493582
576251
19914552
6393395
1547796
16135326
32246473
10684221
15898615
12490689
6923048
15386763
35850075
18283035
3154209
33112574
19623811
18080442
36418622
2265133
30019940
24063763
23551496
17474350
15645562
1935388
8726624
6102932
15229316
32268982
14987381
8695926
7324222
15645416
29224890
19873798
26987535
7640062
2194035
7232853
31734900
20467300
31295322
33390842
17719226
27164854
36577271
31493034
17851544
23879964
16796419
30053146
3123244
28232241
22959166
19293769
17998286
35052427
3360153
12471913
33621798
36650550
2038507
2916935
1422757
53384
24656686
22847128
2239895
972586
3220086
16956008
19621563
24161421
3412742
3909970
606200
3564373
17338809
15736423
22814722
22216753
26945136
3472000
8260183
23298994
31912230
15888763
18445811
6931935
32521942
17867376
22031245
26432360
24633470
15112372
8557219
7288958
20622514
33121449
23176549
8646705
10865687
14989133
15073139
4460955
7630165
8147017
12017895
25465186
15377838
8281469
3641355
6642547
1343051
6365194
27406092
18959689
7319856
599057
9516083
28597105
22764768
12929310
547168
35131188
23991967
12864824
23712187
26887614
19278368
28138892
934839
15148888
31098836
34465114
19253511
2788307
16549828
11698567
28346247
5505161
11773301
6388673
28488344
27263934
31286981
32210734
29666097
25274648
36159773
22056787
1900030
26758047
28591299
28231774
12569377
23145418
18929447
17288079
8573451
35621676
6729228
4348102
33721463
12491489
23748033
20413820
10326790
31005873
18456744
8899164
528569
25952777
16317435
2064326
27470937
26386768
7253654
17512431
29893309
31441238
3345852
20576554
33952476
6887517
18281679
3739304
19546670
26541326
31713346
22734178
18991630
17021271
4005146
27793424
11892871
8899319
23350489
21736086
3408147
6558273
26544787
19645785
3595132
35551361
22046226
18772798
24407016
8352533
26747671
28177461
23350389
17682176
32325459
3697998
19895170
11402430
6639546
1609369
6331720
20202881
22480151
2609519
1632698
17274507
23079577
21278436
30231409
33854679
16357023
31290280
28218982
1012550
12761467
7644883
1515262
34713317
20630792
15126596
8439514
1552555
2046425
6363088
653254
26910079
23436927
8880571
10840166
12785160
2999462
16813654
35537762
29265879
14574000
36795394
26024490
20042719
8008764
1450356
17850294
31980967
3287442
7656264
20193907
11784653
10504924
4412607
23443091
17211883
9928558
1186487
15714204
16932162
26805073
7779727
30736983
16791446
10696129
36918873
24815490
25210779
9709291
19016903
1835607
18006913
23065030
10209695
28525174
33828245
17933694
30658426
26925691
15012971
9189942
22901112
16566117
33389407
3834331
8679821
369967
34639152
29457937
18390260
8564943
24635704
34915873
21739724
11916234
8022453
5197941
6692275
17892362
30927689
26398075
19256746
33914469
20231016
29779135
31775574
3349468
23679316
24086349
18224394
5150957
8337950
22397075
1994046
246383
32577859
17061043
9287444
3390848
18471052
9273806
12631391
23408207
29792122
7914322
7914320
7914318
19546644
21473293
10754207
9575459
24607778
6931590
21798279
22838961
22787871
17700099
22640908
12820531
21067890
17340822
36469667
31512091
23993386
9193332
22056638
22897590
20197764
7388514
21115865
1453197
31292927
27899083
7550474
3975208
33353434
7419548
8513265
7088595
4659035
8319378
28098572
22488301
32501549
2277778
19292805
12476934
36591651
35564676
20826832
1878605
8252207
26330356
21199491
27315819
30919536
27035228
10665574
7484611
5084977
16841801
8112686
2488125
6785959
10674006
21067551
27226504
9598249
25157366
12956794
7604205
33517284
26345254
14961583
37150210
17346403
19531004
7382906
16434586
25295328
11289238
20029554
10711477
23829889
2514163
21928334
31718602
11535704
1943110
11808708
1480992
27296710
1871643
2295045
30695598
24624546
20870597
364712
12123535
30187868
16540998
8341537
2752246
3075054
21192565
20156782
4925461
36690079
20804194
10647792
9411265
2499815
26207711
11025972
1880862
3642487
24882343
8355038
25005573
33775133
16488804
20497617
25145433
16687925
34730471
15776024
1673541
6483617
7454295
8619643
3774012
30842046
15585078
35286523
19469648
15655207
2195998
12735283
30358189
29733543
18465331
9599359
9291410
19013891
8007693
26723915
16998499
17679208
2092115
501325
17625133
32876864
22871864
6469551
17927927
17532171
28623955
21943967
3873788
28598259
32851453
33870927
34398592
10732961
27036550
22706632
27763688
21440846
23532539
15099166
21381567
12781895
11784655
2641908
7167480
7947100
7336750
8012992
24412474
1468737
6464443
26754823
9180852
6696823
1931623
19141131
32891552
734430
30005771
19479319
21159569
31005170
31227416
26224116
32970115
32700729
116102
24956295
7931494
28925481
29246862
29211674
35353384
9589047
27524773
7847836
9240644
20718318
11678312
35810248
14978885
34512634
18502528
23127932
18640449
35652378
35189516
22089837
25691085
23771355
192986
7340691
22126579
21908499
22707514
9560054
21925882
26832859
22734011
22797561
28038952
12558678
19387776
11847506
9860312
23020990
25975954
31628201
29267772
35428832
16978951
35389076
10697185
2701652
15769997
23350506
9469383
7450517
6451384
20700469
15952714
17442702
26000573
9555695
2374958
7872810
11126304
32524382
23129208
15604985
18260721
23028869
27989428
9617098
8764465
1931764
3898364
6344432
199907
999208
28870962
21326146
34706816
3717085
26059929
29687185
11668241
810240
10853144
28759307
24115142
31898156
2018437
18774922
1463872
14581823
17626308
4090621
3244667
16353152
26387601
34621045
4087383
31538368
8234658
9115504
35321682
26348052
16224403
36539250
18204969
30902106
34388696
10389584
3128874
5001927
1679488
32565540
28623442
26748605
15146820
1854209
31866003
35292076
2183924
15259520
16786799
7826149
918768
35526672
18062503
15633480
17715695
30707774
35849178
7847729
15842935
1627428
26416466
25118204
11786846
25921108
3915457
25731365
9598248
10157770
9044000
10063579
32644099
18224399
35641281
18098378
17491045
8259422
3402824
6654430
15809938
5165861
9516949
25041042
19200417
638582
30146252
4698528
19457262
25081344
34450451
10075310
22433966
24781932
8297655
14632293
1567664
6754434
1588378
33001732
27710181
37247850
7842564
21343800
10367172
22006748
22156623
27193427
687104
34043155
32724280
24356765
23664096
1576759
19792958
8482626
8418232
2799484
3681120
3870807
25151406
25527243
20919481
24158626
8899167
16924830
22147741
7726683
4020402
7166112
617009
30607630
21081867
7378990
28689362
6675592
1013509
11906445
14997059
20308661
20555111
20127239
10866873
1461062
23039998
27681694
34738640
33087894
26868519
24176101
8292508
23588791
19322611
15069766
22393685
16199160
4138383
23400549
23912488
26339424
5353975
9488032
15208521
29593010
26384297
28454081
34951728
21761332
25417043
21337591
15881694
8751596
26300242
34042938
10876707
15907011
10407796
18181038
21128521
26232859
26258011
17576039
15001183
29190829
17149398
11025975
8574061
25393633
30592120
33620590
31828441
27160236
23542946
22712149
20463347
8530822
8022450
2646873
3449336
7284539
18990559
16261410
3606947
2744746
10971418
23800027
6370616
27899048
7349826
18538057
8606732
3931235
6909745
846141
5354746
8776339
8457764
8172013
3918618
86681
61359
4853948
4582111
28796549
30324272
10477879
2400980
26118865
2712881
24908428
12703481
9394852
34616366
17653077
29692347
11338759
18701468
26059939
24382442
19117102
8299072
3252376
3885534
32354901
8489384
30904031
8849767
22314850
3066395
32789481
8163264
4409053
5669723
5978336
11369255
2524809
7281242
30154156
16945118
15339570
17216002
31526717
17068276
25343347
23958089
23918083
23148622
27532794
11026001
3064777
19671028
32188717
9804725
1878785
27645219
11899644
15848910
19209172
30389135
12023127
19801004
8535902
22055890
28904171
30856097
24505951
1576006
21503175
21111568
32151681
19218121
24139068
23407732
7707403
7932803
5023672
29766686
16886892
24042333
26245064
25005574
24327331
7330651
25073713
15031740
20353277
22804922
21371853
22106556
8185339
24337537
28597050
31786851
3456454
12908816
3590672
5451189
2819674
2605342
25647972
9392748
3140982
7329191
6113431
485505
338561
4479241
5624320
21711154
8611116
7623915
4015527
7210239
5172246
5805593
8686296
11855895
2212890
2926994
4456078
6041174
12002977
10678043
1374368
12511159
28695299
16426527
18054880
35064805
396282
35562230
15050951
11202269
3051226
29243522
33782309
23134806
28943217
20521750
10801193
8452777
7123528
56621
4034974
2736229
30971201
21187511
29588107
25416629
24743913
34614336
23878889
16985042
6973790
16184916
33285689
6921075
6275486
7981442
3816064
22471487
29873520
6728262
30368743
26340889
21658405
35301950
9348554
7162544
26105798
27422453
32259294
12478855
10708928
23041586
12232750
9110761
14733868
32839105
17018751
34993765
24449239
22491517
432599
8428290
7556307
16723305
5353963
11415947
15620078
2486467
2383952
955744
29941226
25337278
31048026
29978369
2325265
36384074
19726399
25259901
25131779
24369584
22517717
8726176
8479190
3701229
6151063
5072522
29845476
25588926
30259416
24218050
19468098
16180715
10126539
6406915
7374870
24579330
25510788
31808385
32310154
32026212
21086040
20872240
15082088
6699655
21577053
30486608
30732167
34289525
21337888
10328100
15718193
19479372
11513565
27686462
24450443
7715507
21391743
25526926
27528421
29058921
2274376
5159642
6958506
10363139
23611356
24515648
29589678
27994520
9616662
10210115
37246120
20500114
469636
19367278
8033041
13437286
27932757
9473729
2664284
11270418
20362940
26107183
24664625
23142658
15078704
15056049
18307012
6344266
37068524
24289668
36183985
16037903
1870575
1551133
28267750
28658097
2618340
10757839
18849509
32875655
26602991
35645048
25871680
1468360
11376574
49883
9431694
2033420
19847869
25753278
30231404
7860691
20024613
24557336
22213688
32249603
16647355
31038111
8911102
29967012
17669342
17406004
8350356
309615
18633230
20104224
3371476
18438706
33307949
907998
3735673
26259752
7647334
23651304
3416278
2618327
29388117
11678804
28042076
24739046
22530466
26460408
3708468
78360
2495540
19028616
15107167
2746943
8702318
9252205
3276537
9719120
12018823
37089493
27657353
17547529
22238926
20088725
447789
19299241
21826956
25943058
23179496
15487394
2085280
3375374
35593250
16834767
8429861
6664007
6454548
16858449
7165809
2308219
23027628
24374523
23844925
10335053
6393399
7749132
30864529
29941044
7535909
8702304
24138841
2692910
9373372
32181676
21274649
20882563
23234860
19664394
36567400
26375671
20063686
28766130
1792327
21412015
28838866
32789502
29066694
27562357
21037116
32641370
30572782
19502197
8305549
21691560
34268993
14623526
30754684
19715726
25004658
17927512
9734911
9641448
9269193
3736646
6561665
6408518
1063428
4591129
22736377
26743193
30170816
8693591
10369078
29687853
34586512
8317981
5822920
11391825
35725681
11710890
30390214
30342055
10209861
31487295
17229950
24458844
28439727
28453892
17244991
21275122
24347379
8135469
24743193
5476779
17479476
8795653
1772945
16929117
30691931
3383109
25947573
25409873
19088017
25848820
9006610
25099068
16761938
8801697
19726385
15515483
15610682
3694806
25588096
33313822
11376394
2662602
32342824
31444294
24077110
3073489
4049534
33237602
15510992
1286303
23780448
19306985
16047074
10914267
35527613
12452050
21466581
19519317
18173197
17373895
24005135
30742561
33939336
34825659
22157965
2856949
8122827
9643487
32783312
27401444
23554871
7139603
36733048
19191098
8494703
25707494
12145991
581394
20807849
12099211
8859152
1887297
3239328
36309544
16677422
23075242
2322731
6851470
709134
5523605
18234087
2682362
16791481
11791117
22127115
8787076
17618846
10630601
1447815
22213218
21984232
28670694
36535490
30382057
17217483
25960198
15622506
10650836
17690509
16168139
22402230
21036614
1780776
22802319
15456636
8642950
33452605
9864684
24596033
34219704
6956759
25913904
37161128
7258538
33549037
719574
10463904
16958960
29580128
20881926
7940603
1460215
481394
29869776
10497748
24002597
18677129
30691409
2336113
24357525
8547401
7467215
11250691
27028812
10390732
15025730
12608030
7892321
6739698
89522
5509210
5491404
37102221
30217292
31852512
18583992
15677633
12737066
11043391
8620141
1713641
466891
927078
5922694
69750
24465539
34127212
22996770
11026038
7475832
7233931
1239869
11502034
21598721
8723284
26830453
19287996
22583414
19887229
25076741
23722367
10340878
10323415
8805947
25644077
15280180
7043699
24969442
10396312
16288126
8086349
32879024
11409025
11026036
9043406
7594898
2194555
2896881
5734811
30692337
9194791
9495236
34042090
37147984
24680645
22297389
24021258
22128823
20044802
33104877
27345656
28133215
8448742
29394598
17117191
32892575
2131564
3047092
8796468
28737968
19995692
2486487
395761
8426371
6909040
17944570
25310144
21711152
3595689
31519625
31732125
29574661
4060746
16248802
23714093
31773219
32459439
28386750
28423409
22988572
3055319
6737359
22833200
28570680
2919970
26689708
30220347
9644442
19861639
28853307
9893001
20230089
1285731
21037117
1657270
6648988
30477450
28627503
29073682
28800049
22356477
10759194
21069671
5353953
3412499
34390418
37313899
3065084
22812042
17682145
14699027
14501262
6898930
602972
8821411
34131406
28427228
13460965
11250744
28572260
8681923
10150963
6756128
16442463
15685035
10219897
25952778
18479411
30667505
17682219
19753668
10071438
7809593
7121891
1386239
25149560
3201299
36244885
25327800
23690409
14761909
7661581
29351960
21272922
17182832
3390789
32472674
23749923
17187365
14659134
26872903
22269079
33993211
20851603
29441459
11481359
8356271
11195293
4079436
10671665
36379526
6362824
1567131
30051723
23521193
25224700
21267787
28418767
15689850
1268809
577545
16651643
6876405
35939339
21965790
26412025
30689495
10288072
1247967
35039951
7742408
28500618
958532
10199455
18224398
10235147
11916235
35077083
2696034
8589013
21406470
12079142
31971358
11692927
23361272
36049384
3719527
4051725
35142646
8954486
10445419
16927606
15151962
35045436
32084573
28027488
7032919
16916399
18561550
7999464
7448966
2900647
28544536
14959638
31728793
6626923
18177820
23335520
23918676
31787350
10519968
10885391
7285274
11579771
26841450
9653201
3208371
25174285
29953991
19075273
1460224
6792758
19470956
16217762
12610443
29699511
25822675
22812388
22632937
25122131
20443409
26809472
27831505
2356145
9747868
32520504
19659449
4706046
11433697
7382081
7448713
28323560
25313779
1404191
31101994
35964165
379938
31513033
32521941
35709661
23464699
27265301
25944893
22192715
27287332
9651658
20222502
11358033
23335545
17953868
7499468
3702116
23002506
33468811
7427948
23103367
19903744
29745080
26597760
25979549
34916362
25203850
21361241
19197179
1393693
4361156
7417890
10876703
7357495
22046856
3942983
21713372
10444929
8991583
22122914
19686232
17406360
29392968
24202638
31863523
36085534
19856568
29098396
6435795
859477
25995413
30506112
28637134
24394110
4312444
35562619
26737738
28000076
19418827
10708930
14510178
11910850
7674788
17873350
3840541
10396340
26039248
1972441
8173073
16823165
34320656
28237423
23317263
16586181
4576783
947030
27672053
6310267
9504683
33548889
2262245
32979625
28073726
15809760
7674331
21947750
21172073
9183883
20869074
34491518
9059292
28133021
4027396
26243523
33983604
8564944
35370456
31866475
864538
4754351
858130
30684232
663950
33890324
17031257
36733112
36332170
17146739
21076301
11756722
7889390
9066621
18798403
21549581
9652611
17100177
10673517
22868226
17538183
14692385
9516595
3908609
213159
23339934
22889976
34614337
28635596
20176250
2564075
3644297
267901
7720045
17855094
31088341
10466689
23564623
8330330
26957642
29380314
35348396
3587793
2406115
32434503
21929310
21444288
16315500
15002143
4894192
8664718
1985448
6375131
556437
23406559
21316782
8012997
29526259
12045446
35412592
12525756
20579923
32157740
8899320
8471552
1380363
127420
34552163
2683994
3727485
7051998
698698
15918572
20629416
24882346
25369584
32157934
20870600
12240484
11441304
35231688
4133425
10551236
2284692
29488712
1173080
4025311
26659132
36641323
6291165
14523632
25041223
8373276
29361985
26414384
32608178
2106369
9033377
29199777
29601247
3381313
19519584
714108
23850146
32180522
27246155
26696022
34065952
7060398
14683419
10340899
23239847
4906880
8991697
22471449
1728336
15026464
25823200
17146856
9396987
7788058
7242589
662336
74680
1195615
11903273
34896574
23885731
10373668
15315304
28822803
608005
17071009
8058087
3657654
6644208
7302187
1012553
797121
172680
5454545
5757650
12383907
21674873
15164022
14606359
11754369
11148347
7677887
2344543
2179876
7274770
7375595
918108
1236546
4698699
29931425
31403720
27982016
17892419
1460223
34396744
11718212
15812652
25825511
3702496
31206623
28012410
10629689
8338482
21315516
6664006
25922881
26898434
11535721
24491320
11187946
3656235
883336
11921325
15133771
17244986
36717319
28975837
17640031
10336803
8260184
24535214
37175800
21050306
3455923
26148870
20630396
17649628
5127804
35536175
455571
22460701
8303339
21129655
33721026
33486544
8316469
631176
21893353
20045728
23735943
1224390
24629809
34383430
30390216
18796566
19925032
18306239
20012891
12160084
6102295
822403
1756262
6365210
35854031
1672075
2611041
19469649
17148763
24006766
26130655
30010164
9060757
11892859
179369
27227870
20039213
17823994
12727778
9620746
9280818
8705050
8044626
6898660
737949
76218
5362557
5727934
5617491
34503503
19090970
15023757
21696713
3960865
16027882
31902459
24403832
29390540